45085246
30651595
59091877
113752011
20153508
19008613
18383099
87032814
76006204
23628595
20845272
12248221
402965
71218859
35834229
24149106
54863383
53664217
57771066
11571122
55662493
50855185
109241501
24321187
7983908
40244392
37413883
35505102
13078325
30585263
27872780
57399833
77302406
1169011
7299025
34017103
76378306
36937391
16846247
49083444
105976855
92699711
97628300
99244732
18472501
31781311
66504027
59418605
35170664
31764685
75916620
14745820
25763637
107732166
112509484
16056848
64123520
71991040
111324555
48404352
49152539
48663977
119298251
38749485
47926853
107419692
81626469
40315108
117649890
57952002
22707223
69555773
69154699
46839252
1202744
80513887
17802365
56788400
10698066
93852463
36861825
85820271
332
42004313
57581184
71840074
24155590
46471606
103883847
79284030
36878917
84831133
43131505
33499951
11699247
9471321
20506649
75986740
74838
25661179
40180830
28127310
26044365
50390468
68770382
107796603
95052323
56736903
95869912
20848826
48950713
41661046
50618596
3704214
91608
22089713
26014766
18248802
15610501
37299503
61467237
14471223
49964985
25361496
53056158
53382943
44422386
30470679
21021346
232964
43575048
82747475
55847137
7917396
42725181
64964007
22157987
29100693
54365084
21121624
42901634
38620182
35637503
63885884
7423554
42313255
24784569
87164082
43335252
38708080
17966886
77926574
10501879
40537017
27910415
4886639
54360755
53711607
50050205
29465398
50942880
42199002
79177795
95855846
124692500
92464949
59648249
51019344
59249920
14655274
58816224
19462214
46296142
56498526
25034537
8860455
98244874
37673884
83315253
10392174
79589402
9521525
33867047
8165
60572897
44359478
2377201
59172751
39538196
90494414
1378117
108713031
28096045
69978204
10697971
2150794
38869194
89835465
69310693
60359044
33674113
108107314
70954277
35264848
55780208
8081103
17589963
23103377
49201185
34812919
61425353
122253569
52446060
17992526
88956762
17488348
42395741
68189628
70722173
71310003
31471224
52302624
81147737
80635727
12225060
44230572
89603151
82220808
1478618
67206754
42869711
35525659
118060355
35918914
88864735
47949986
15473767
17632297
49896949
25980163
104350095
13874204
57274595
56630106
68796
56942538
33083603
78339559
94242697
63041727
34546278
77862236
39949616
1189339
78607349
24502354
49324356
106688202
57021591
77721076
49507855
34768962
110817149
57245397
42183660
48685026
122086198
51669394
73037896
82416038
1511613
55006937
1516783
39768852
16984353
55752073
86485674
53706176
96072033
32856871
81740119
93893391
89319654
26049476
52359671
69319753
25813141
25776031
120778915
10528915
25638503
11335398
84660646
55677495
62528192
39351371
32452467
67828479
67737981
7608178
87878496
1279904
53539
52389688
340108
32361290
123222451
30009995
88888638
74532455
1040849
28016078
438720
24551047
82352880
58575427
52280783
56187669
12304
79772923
35011961
14743278
83319805
21959877
49664839
125962719
79379247
52716152
15967660
37437837
116936992
39008407
61172943
82904811
23486467
63903566
1297374
17164463
41279619
42852482
76818774
29902472
25934652
30986166
54697632
97260384
17042036
53413845
34729349
87313604
78011330
74059525
59166355
48782042
48977956
47047406
25037059
60470421
30376479
55836724
26918859
59226896
54640230
90989594
63328615
51703403
1158332
50944979
50071590
39415364
27104585
46227790
98161494
43912530
24115943
73784807
41957
79327823
24464567
71581648
1370420
45312535
115756572
29469706
46257867
444501
51187538
45698484
32979758
46168897
72573845
57537215
178758
3064770
29777339
13948409
50716031
20356064
41191518
55208764
57657725
11451455
63942620
30002567
26378464
52315094
104584580
32294851
35762499
31295061
96156926
7312292
1767853
61423020
81377907
82407908
16929286
49883552
72710606
12070663
54777416
92566522
67018347
20831314
5453614
32862327
82852135
708361
86546706
12839926
118908050
35977030
90606778
57429460
49924355
62909275
90017386
35097075
9612482
4452
52201703
75294329
39836236
105689372
116121612
48991443
64624175
100444099
12326634
74870367
63390963
80389598
48629678
78387732
47803254
18523689
30460937
62346763
13476580
100369103
81426432
60377128
46345862
57691954
77472170
41333342
104471655
102221458
55749635
36903138
3183374
21329432
51235230
13818072
61232081
46644859
61326118
85446614
639668
20171599
49179480
62801801
44951434
2351960
54364325
15537509
59677106
45872162
77017877
84029748
64953279
26093235
16638748
43098342
15006133
38847639
41897222
77207089
114911656
87875595
18149250
17818986
32447543
41163103
50626564
39825685
89231442
121808111
79305700
38245638
935502
78764580
3607614
57053092
38297094
28793259
33182038
53511724
19752427
45660839
11371850
62637854
6778408
51966852
50804463
64146120
79279751
94362305
120302597
44350354
18895754
7734231
54014372
42225093
107478629
36830324
8896391
57245590
49741217
57295400
60493879
42341179
54926575
62179404
38769700
30849421
26564357
42837518
24621008
1810366
63259039
53134626
630137
91141955
43470680
88797082
65857290
7723164
99558704
54071881
80117084
4381
429147
89391278
17399198
39961255
86031761
63976631
33733212
13023771
75101216
69177363
58718882
49937483
21157639
82468015
69082004
99039663
95748599
68955347
96140320
118524076
68428992
49430124
31951736
54795642
28643864
39375214
50983900
53129168
95109814
76016658
651338
52192903
76102803
54331207
67282831
121835940
43864877
22130789
59208363
115384486
16071615
53561186
33170707
42594858
49907777
41210984
9416157
100095918
81378959
40961267
11164627
42015750
127254757
1564445
24173097
101070542
48934979
96231535
27639124
16860520
120504240
88823166
58728877
110937437
96625369
5334232
85023870
83465717
33312026
57270888
7823300
40157799
31677356
13521900
18253620
61940738
44209196
54651532
70673130
101632296
70283385
63058590
57112955
7092909
119346916
70166719
124006797
93943357
80351227
48384593
18470217
24914790
37577840
3474546
37822021
14980552
52587250
98645909
79499690
95464076
44796147
15533532
3909007
32958864
28198834
104360655
75477804
9324399
5389
43838765
97472508
56067551
17918706
56230843
63647208
57351345
31436046
91176584
57908166
16974621
58792788
50733039
23174728
38365203
67869363
48260294
58579305
35335368
59436084
90046982
58073223
117600559
120480970
125810037
51422002
56114456
56680242
78767187
71940165
127620495
102991142
13777700
46071077
7913953
49060453
100892854
122602716
37772299
51757165
34095685
31980718
29684612
45886169
46576948
29724700
75900060
77240410
122090946
35925009
77191359
28346199
2056182
51152525
55149973
4074967
7938230
98007956
45842829
86748155
24633450
69805417
17885626
10880000
68442089
101650537
86887118
111250153
87184248
45165194
12284049
52260713
106760563
28097083
47387032
48416133
49514078
114523447
98300120
50443568
76244385
100918268
23948567
28657928
55949148
35785438
76737726
66508061
6223905
36017593
78236129
123270520
98924522
81803884
78986314
57898944
67274715
52946543
18391062
58157836
75398680
51278323
57290317
25226012
23984904
37824960
31220215
15756592
23827952
34909325
40803226
59471136
107956225
75849099
914993
47776318
34427319
54128815
118655981
23522491
101902783
64642772
91752369
44994713
53238477
97473515
74105660
98405250
82297653
23766582
82809417
75440230
25877704
73205405
19327384
120280357
55152826
96792063
14877911
81172856
64303939
65873110
37876970
3544
58324944
18090472
105043790
59499586
64218505
5490744
46855555
7793966
29138648
96336826
57063328
60992334
59058069
58959265
119224226
103869206
98558968
89753727
105611887
31492982
46560947
56746498
119093306
117663590
19005201
93039700
70346855
118014997
42711447
111074653
87023640
21935320
84683238
28903064
92524239
56733117
57037857
21352915
34227010
62503661
343078
35285936
55141622
71713996
75309377
125776039
38070075
55504662
79230547
16957639
24605694
110452464
29325963
30345831
57261605
64870837
101793432
71958065
72521964
415476
106235876
42971263
92911982
108546923
25118001
35209161
102128937
86587815
47604002
90919021
48515137
60489707
60479603
98813462
59788547
13739024
48461361
23500175
45153005
78487878
35296244
62664259
51893247
58826329
2005979
56005478
24291239
45057937
87907381
95937296
67107004
29998355
114069369
78427596
83829033
58328685
69407841
46470962
34900326
26609260
72311305
107635483
29786803
103506074
46948251
59506536
27924541
60381552
61683020
57870462
90666393
119782381
60982450
119882216
67075089
12651214
92671387
64612309
87533722
69374656
39033289
80444
43542883
10922652
122679488
54194342
50878675
51557962
41873252
76230631
30160963
44868697
8341426
37157271
50978350
41869400
50242074
30230847
86490757
37976669
116074948
71495446
31201011
102200002
109996170
31003414
94499042
119214286
79197118
115056224
43554898
47202636
719664
81472100
13481897
37932955
3063490
45069530
53336994
68865237
69797745
107363413
94312553
78343908
106797801
102962907
49741712
15469894
29868154
18418035
80727972
52142346
50458733
15950116
77420835
71491892
79964286
83574202
86816522
14356462
431753
11417301
1937127
25984025
53327699
39624278
40783913
62342401
96748212
40104047
48945328
89916590
121531774
88537360
56702413
79583475
64966814
23777567
69050023
45789615
70469575
61748265
60450627
30098760
53088254
32176415
59554943
5520490
124833532
61759389
33083527
61610276
115589644
84821196
17830621
92068360
57039931
59898555
93680485
95292369
39254281
59919598
38379374
34207619
48354294
11086985
39776853
22106655
75768050
95085580
47195340
92521147
106912022
63541396
89453312
21360170
88355563
36061985
44961336
77949243
79648210
55851554
33746349
23957789
52334255
25038739
25683139
48061737
59211988
58325130
12042245
66957397
77650088
15129245
49825357
94376069
43253833
49143957
35199820
15878724
18088920
92752864
81370953
23977095
26656682
57637058
63068732
51624132
102238629
50023510
57226109
43521640
92112335
78774017
76923132
65036837
77650832
54062853
1627781
33119879
117210017
70704093
107153301
63102177
55199976
59384493
14799084
52679912
104003458
52971216
49277814
26571266
67474988
46181340
16607785
16280540
83683446
48341732
31267926
96720964
83330356
77161893
53392038
124518781
76584894
433467
89221803
105328616
91210446
118021653
64677562
63201186
43646940
4596688
117249703
120766460
42829170
55542399
61138077
50156136
76077723
30013176
87352277
57008643
91914893
27840319
80436586
27880451
73727157
94246802
120055331
120872203
52845924
74393395
13106757
92112855
100913295
105156939
63910449
45361879
105209670
101891549
14503526
64325474
59883500
44426733
98218822
64723337
48174553
69040704
55482211
80418582
107035780
93007540
118301797
62853836
34840068
81765248
17646140
112373452
73479620
76343512
4743566
119197695
85712397
43632178
63405286
36581338
67986991
60112050
41452757
99194849
21124250
35238993
67364407
114916479
105632117
100231548
127854248
35625835
2219370
79611626
67657802
51502451
102260299
9806930
25243254
86940066
82966975
85026700
97956967
22226202
55144494
12849840
31835937
101516248
28852694
77011713
91565638
91820280
54123175
25017982
18035153
36740713
81246518
122755400
24337479
102717304
99007881
69177998
117897234
41861227
97325457
92763659
84588992
65735643
58958268
13568912
29177885
64666055
111638214
74156039
60964898
64548847
37841960
47300808
98803936
69075790
49772933
74165723
73608767
91748194
8117385
86159870
102903120
7402782
32453134
64666147
67462622
12367313
70572317
99735210
129094855
70180071
21030123
73429644
34024818
36459510
14598974
59574437
8296020
71392909
94060835
5789743
25710684
77639886
64429759
46249749
70389847
80932115
70360631
81221789
72842066
97283581
69513562
92509018
97325646
64241380
52259193
104790257
70478957
71746719
116462481
104655020
124716605
7371857
113214336
83786522
64548945
56771394
65049584
93928196
9280925
52440727
121822690
53189808
88938773
44773490
120703051
92792765
82600988
72102123
89588567
112272372
50351743
46692298
74312416
85465822
93084975
38124409
96409456
76823210
102007704
42418805
64548896
52123189
64991622
41797072
50938500
23965631
114726807
18637375
16191382
109609834
62413940
66901274
60755434
72422289
24331605
82622651
28741591
60818893
52197590
125291967
16441036
65375567
79553567
116554813
85880527
11309838
71905279
59973344
79779465
102934644
80337469
88367526
128532412
118202563
45561290
64688494
57772101
102697776
86213021
74481841
73991319
47221420
94033856
24640459
78738861
74964506
54722522
5208281
86564465
107858241
26909499
64190282
81185984
103872040
89317291
108940262
82071763
2033888
64378713
16736041
66678484
49051951
95944612
78400669
36254954
53521096
22520436
111198214
121646801
51548486
103020713
91313327
38948972
88356358
113915453
92212722
64476054
72467499
83341561
110712166
14147252
74398668
70334463
52573018
110151128
55381039
70723287
98245069
96669082
94239417
73380179
56876388
122307666
24100188
115329232
109311976
74440410
20335835
80456610
124291093
24272492
17468303
87625862
102733980
73612791
55736069
93093777
74076499
24552196
64474792
90755054
78329226
67493538
124939573
48095301
120704719
86749244
72167740
31424179
56302734
60076530
100622487
64475810
92320585
64473726
84584351
111691381
59757928
64474669
79283729
113520157
92617711
51020211
68753257
51960206
89354996
18251933
82246418
69781002
74961608
91494634
82391530
95218394
72429587
52784100
84344519
86053613
24451010
88424573
38773905
87081193
81529581
67897215
77351645
31354618
81302515
122942794
11327556
33012080
75676779
100555324
84720176
13161732
99958312
74131779
80441909
40361029
51926593
76257381
60295362
103930667
82418146
82032008
17624968
41878773
89894018
52071679
122768318
55733767
9667685
109012646
68546821
48934431
83545712
105975461
121310786
72544164
30762535
32439451
104248981
117644776
77291847
99382040
69069034
65161328
117714985
22460706
35507367
91187218
113552829
90336499
91043280
109827281
96739555
86019058
7011566
107740284
81879068
120575862
128711542
68012392
120727347
79892533
23232605
56421561
94156825
63417982
25881245
56127571
98904149
75145852
55081397
74971811
116951753
102201064
80481927
11844666
53496272
89099170
74101098
87506222
67246598
16319143
127999729
103666981
63147360
65490462
27018257
88088985
71137025
89457564
116810577
35946684
71127886
90304060
77499169
75333564
94529017
60027758
107442380
125386346
100288987
115962446
19604848
103704303
9187010
68901568
77882041
88624365
62680477
15572013
18081129
73047792
83722239
120250949
120625215
107757253
101343979
63678284
78697882
110268607
76987199
80343424
111823020
8390603
63992524
102143259
112169690
98975607
30753462
105634246
60161417
105771624
87706639
106791446
37218517
106448019
57418635
75337696
86018169
33516399
44628454
48953710
73592028
48296565
65875549
12205579
2228608
10699284
74830813
87899048
58635954
56221283
125320595
117262319
93902482
76209772
55913358
6935990
114339927
55772928
80393817
64441815
110670228
47030147
78136653
117870631
87605724
124531550
123641314
10987383
110264486
124957106
100378172
117796291
73456643
110062585
76818546
96859655
114288181
62259463
59006270
10611795
115120724
120457104
48119747
61691273
88420371
117110885
13910219
75473268
44966371
57348011
49052481
23067009
86192620
110950692
81055046
21957690
59456915
106111157
37692463
81397798
418457
95560260
57756625
70649546
64870618
78647324
66200417
101054647
54846809
66249518
57539058
71181773
116986580
96648017
75937045
46032857
105193034
126470993
80617554
70642107
82425578
78890807
121395130
24395398
11727561
15519982
117683220
74683264
118918259
56639505
86176078
14569070
29419026
62852191
103518475
71710528
92192648
26332168
17527879
100353768
17624687
55487503
43966764
77269368
95130405
114665520
40958182
108575470
40397382
119870407
9277828
88816961
115599068
40437932
126267246
102108816
104152385
71323654
30649542
113740428
75559246
70023846
116444362
17185760
23599638
124958186
1204665
114400208
125352324
101287204
103201764
66744668
8685150
50196634
100499322
71076838
115920601
50405264
70856296
89127689
11439422
50550475
63205476
97379901
107787807
42688418
49738548
87265622
103889173
70258490
125209558
49889454
97733161
18791285
69440669
49364777
52629546
77620543
60133267
8946069
1737340
117242446
70853695
68600071
95429282
15669840
38613981
68306855
56643673
100032247
128985104
38638523
101095478
104022297
117669572
29394935
94640578
11342055
122856614
71457525
69749926
70271050
125108282
104557234
83532305
32954938
108307195
100522121
50159152
117341877
115074461
5634321
106628708
1974959
127502162
129309388
75200592
72059916
73529598
100271950
105442446
83148477
120266235
76503671
72203609
112020388
107815608
88223681
96196152
124702587
98609107
98549390
109069892
94994163
112423910
97214895
56976678
53463410
11392995
82489838
75872342
116744961
90630441
124602211
113047702
50398428
80260687
46472575
88591365
28344128
67259780
44153881
19401035
52608107
105422499
81096907
14212852
119637843
74589522
37469060
78249897
48423986
120151921
67066623
27662109
115268068
10157227
106573443
87542789
127905338
54537417
99010641
20804067
64840795
67133890
25110915
113413810
87810225
9137007
84469210
63501742
88531436
80236494
78607798
120158673
119491877
56953168
84649704
116322631
88323505
67698684
48286422
90219711
73399658
64432626
98381132
38498609
60813785
83113586
74295627
122186136
112341411
86409754
128204426
118096681
24839196
82603762
87276798
26000104
72293487
68372271
17870924
3908721
72287282
53910710
95691744
68403165
77243664
74682930
63393002
97842320
66788881
69614882
97301745
72551711
103728928
74163988
70753061
77000012
105435917
8570087
86295091
85066169
68512957
119771194
71932386
48177692
26587866
76366368
54744634
105063829
73843889
100319822
46163190
27054651
19146027
47932469
50019915
11883398
80923794
24254197
71769613
112545688
64664723
77938747
82659987
67397132
55482669
111759991
68437351
84451034
65764832
107173585
87887867
70142263
118742318
121574734
41314653
81109803
58471772
54045148
39394270
123334214
111924391
115486197
48513263
77176027
76015228
60265394
103271138
107199153
43449663
33756207
70527524
51274967
94075953
58482285
71202159
117400905
25728825
34302110
97311180
82267037
2342124
66986555
43292305
29702124
91167434
29261245
67060362
99964309
53021384
126194241
56901669
108354760
75457765
122069351
113048151
23693861
25973049
31516466
37169648
37437348
61705454
37579890
40766972
56535880
39235439
59086790
47419097
12469956
53404312
99937252
61189022
76027171
64160338
53957896
120322552
19005482
40310626
25997323
11518480
36531829
21258485
27936065
21739991
45583641
43131534
50241653
13847272
53081103
49593139
61263609
75368092
33732203
45385259
73419977
108413994
40567823
53391706
54200788
77458522
52326792
2551483
29733983
939
50139684
37500809
33560092
48126038
23296248
49918997
37904426
4990279
70136311
42106615
76353918
4673381
32176610
60089702
44056605
69237467
26613189
76033769
26967710
33360396
34534850
31996348
21578137
247764
91212271
98967165
2834910
34878249
117879449
79042967
122477579
37280387
975
90755757
2002203
66061500
36771249
33338442
88186186
48959621
41515336
37802087
257404
92089834
5498634
68877504
113569341
18704953
68033800
28026959
20952887
52075357
483248
38981138
98587533
21805986
59179734
377015
71542760
103994687
8924975
57080145
13056278
436777
45893363
74471035
36321386
33397276
16772203
87507181
91892106
20769074
106553590
3529529
1391426
795449
63265560
35580420
637843
40910735
51121453
82861780
38769319
23297
16913671
11811507
47382245
18497589
70710
12278807
14073353
72954088
66196342
33598402
4883254
71145168
34191873
55174679
35756913
23532786
21288973
12381437
50075182
772376
19102286
75143993
59453573
110480701
58001322
29805138
2612986
46048833
98221643
13831249
80885986
12015204
55984633
79175435
18200997
14793588
52528992
83081
27982854
74984224
57024
121438143
110704699
178400
112700503
40414410
59800739
26424734
46962891
4367
1669683
996055
89604631
106214564
10871753
37882490
13240023
125897365
63034695
49379016
13329251
80622702
57782715
111764615
47712287
60957111
92820914
57749755
67916977
81141956
60115769
84424645
91779007
19193632
85288468
26487431
102938422
13592166
51829893
66697773
12476467
900113
2222807
40388305
80502218
73713531
54062898
44217254
64086317
326547
108747785
22399769
81041445
3587989
117628212
36479342
82202638
33803226
50807034
57478776
114747004
33748207
73727099
80577400
88370872
26781515
32370766
114589653
49872648
26463732
36255792
77494745
79368563
70824881
278661
37831669
11141908
56802889
14043545
115989225
42232390
17770476
48828082
2027625
10774204
37587560
60449494
94332036
97110143
12693332
64817894
117931021
100948710
11570717
108397512
237932
44533482
128081922
54873778
72776533
58859950
85549064
62566250
119527489
117365134
44830192
122424408
46705519
50085147
80034410
16932576
92755846
88396983
55515175
66099565
55452105
47512139
117742996
115056224
98344827
35105571
115530342
84734239
73698556
74447992
77389062
21723775
102900953
79456517
65886052
114622339
82385116
92197742
122933565
48293667
115160673
108423129
46684092
16341220
68117552
98808931
93820286
104154951
38356549
72392882
54274949
101078093
74480001
11577490
85067677
63265710
7891
25736650
103883872
123296966
35397295
40054007
38705619
64424583
79636487
10502403
111524752
76223871
115656507
19107639
52368456
63285463
50056139
67201654
24271262
59487816
80498745
3566473
44907635
80868955
71691819
74509910
75242010
22240025
86333329
107315904
53349204
16374012
58971531
109986498
101958453
77253457
92296371
78820446
32185586
15486352
93597592
52089015
11657694
128825833
73617252
124869491
5243451
122548489
29707186
7153117
118365257
34152239
26508755
90207336
69535842
51679869
5952830
10677537
119968858
125105074
60125722
8172871
101717954
2288377
58507543
82503491
71406947
30769082
16889189
126850824
75258702
96223859
99156192
26731605
122011870
94604247
37653382
38024540
107270174
115574503
112546030
27455829
117370565
121395103
20137302
99183588
47880579
57524597
104637590
39475411
123094801
5996664
2095378
18887764
119940512
29883745
43688316
66159810
97787173
79086325
81827096
125144072
34229340
30368833
43376639
90416759
5605565
70728603
34577143
67505398
104268424
59789989
48340345
117772432
90050928
34346691
71260791
70515749
49016663
123250013
108079421
83695332
68403441
496384
71874018
63731485
125960454
16409337
110070158
56869219
59617635
41017946
121658265
117493905
125210308
81455976
17093258
125685040
81990672
10101648
42101112
75927132
10040771
26333217
47984202
30355656
70156228
105619278
66858244
117298506
107336785
102815548
77972605
28108123
16633180
17632887
39308
14314090
67919178
58137524
36714653
69278349
122803564
46602279
905043
60365988
96208494
31071266
12898303
17228660
29870814
909449
12640617
16402601
27314300
64368827
90961783
122871191
116710279
6113025
127015303
50748167
110481508
65830427
115904997
7332207
114146097
105290752
121524842
46592916
55058308
33379048
93468558
7829290
64997818
92004823
96741241
83050563
73683997
129103667
67800317
97239592
91840631
1310878
39435295
72494439
117371449
76737695
123300870
90810562
30375326
103951415
110854517
5170540
119342582
86061435
68822696
12568132
59891169
106982941
71777503
126100107
1101956
10566735
102588495
65865929
13302576
34595983
53042092
120214672
92255850
42835020
100809894
104734954
12755969
121521299
127181975
51356873
81922906
110018219
44800286
128102072
95566048
86084976
127495233
80900541
118024718
98876649
74849446
97657323
104570498
43971553
76691674
83712849
15539860
62941632
97845129
83544473
118157281
64418387
121739565
7595074
79081283
69969616
49571317
106838911
56003868
52579358
43897463
35406637
1266627
12913402
43586838
79131645
51597077
128667941
124063550
19353405
46708028
21340637
77268865
36572090
118423915
32258270
108666950
101435767
80460037
68827896
49687072
82909305
111177298
48799037
3492016
34536017
123228306
110003033
72744953
95608792
70636678
31235139
48336369
79557237
38099997
117332894
64642389
125470102
128117857
116005295
72001547
66912292
65252604
23804934
54432654
41278784
45560935
90843331
107264418
89709695
63446714
78130580
111195563
80824973
26661993
59522365
24177602
81546823
64839292
12738590
58921379
55896812
19231740
104947262
16324224
111683867
16781547
124591178
119324182
87952103
61253154
74617094
74965125
66282970
40553455
116262261
99491153
117212348
86127716
123028420
55448995
127559238
10187423
123352249
56412184
24226996
81431227
93190980
114216095
109386900
105016180
43255501
104099425
25012804
100204731
98287038
80346302
31083993
95730172
83457062
37627914
99294424
42196149
28359858
113840417
50501211
116836931
121977931
116687327
77006620
114012656
58525935
54561035
51183581
68533307
23639030
60195213
120123245
45925841
120333821
98873665
73932964
31885650
98149205
98830204
109478012
53378660
35380368
123155895
95767565
105527585
36622466
128072517
1682337
101777922
71784404
96037982
115243948
76899139
44470978
112357918
94159650
17378533
99869098
121025257
100832460
67741699
109404768
96991940
67191691
1294879
115895417
61741788
122560371
117995648
24768685
91564816
1268483
30255635
22049184
70769054
79786505
106093104
13896992
22451270
104329052
109209318
110121687
119902468
68946766
13856608
101290815
5475732
63287286
31451873
101558089
28000737
12801996
77555856
106037494
94570614
84224423
45995870
66835937
36855576
31448109
59319515
30184747
80410455
61622223
125862355
15968940
95996359
38708239
78726567
66903697
113744938
113460768
106646701
97300158
119848624
55478962
103270720
85495800
26597418
103249990
71378791
73803016
35119501
121439732
70190119
87015715
99966644
45670363
99323723
59649646
99356868
59415915
102202299
108658483
76766784
71015104
75415881
118210178
126057460
45499150
7677937
114461420
44072249
54870384
12962744
37715064
96405762
61185269
93710365
114834145
91326746
32443524
1005561
112684659
36880252
99513050
126450658
10062297
77797479
94810735
36821834
56753133
43799320
25077309
21305938
78969860
74352797
117857712
114212306
73478951
121980054
62978305
64598987
108875550
64712834
79486876
22835122
114393137
110572775
96406388
20511274
102873896
71251416
93159646
116132913
60401710
106625810
55431834
123851601
83184061
106709074
104771463
120753344
69998527
127730937
39883319
80651150
98423516
81435247
96952004
121882761
67975720
74505457
87211762
56752098
121416039
121566409
45136019
116043798
24619992
55146165
50373321
32913223
23522315
51237185
100215187
26708948
36169402
48888454
23590123
78808753
60250345
77922768
16079954
107473313
115401682
30288603
86991639
128882161
114265394
75943339
31468212
50889199
33208461
88378774
68796779
79949040
71407593
32607065
86401881
99100264
76949553
114842381
53341342
16848690
52287983
120277856
78447539
79692251
125999597
77899734
23134653
77206887
109914606
54898617
95370239
77469051
97013219
88752410
117109776
75776902
61293443
88034638
121366204
56046888
106057679
107747929
92942071
90553007
64134042
81384471
68117850
121081928
105883211
101002892
33415397
119726313
72651983
1002406
104166892
71895608
60769227
14223943
22740019
117315377
54572517
116441212
125339817
116819385
116421292
102007512
77595573
72389731
114731138
68954772
43975523
60956906
58756506
27667721
52065700
23662176
25902216
85448950
107655170
128568885
94380961
75667697
83760800
65824020
48171103
1341737
93373435
78218304
103887113
47978828
36760476
106307688
122924113
73224538
33143731
65369915
116956343
112297786
